74088087
75434346
74843044
68783895
76994755
73493412
63648894
68387514
72855455
74542589
68109114
67095199
67289265
69888334
77149193
78843366
72274475
63940066
71217845
72964362
72598653
77019799
68152282
71157673
72908746
63075813
74417476
75225381
71418528
71260418
78808817
68596587
67246380
73817471
77164603
75414662
71985533
68339575
68292950
67672039
67412192
75254826
73726034
71991200
67448854
74256156
73459068
67539033
67077585
72533098
63771832
67997941
73417457
73043675
73083707
64452064
77806444
73469557
76956989
68727696
72080748
71957469
73700039
76983721
77122426
73449802
68632032
72877786
72236117
73581654
67219914
73544781
73999568
67343566
67025392
67231529
74334216
68748555
68129716
72917339
63261109
72456176
75733658
73315307
74140299
76749568
76716322
64087764
69804077
73439069
63551218
71108409
67668909
71911365
67524052
68807476
73811452
63782116
68967744
74534779



